4.83158147047778 7.30604112760423 7.64854006130381 4.60745033686914 2.44986321432454 8.80612840743506 8.99402621609732 6.14101024194461
3.32015476302795 0.385515487830426 6.22068592277001 4.34724747465552 8.62510411364986 1.85800138620235 3.85280989568144 0.24979978552625
3.30033787637692 0.601957811660944 6.31309649159549 4.3913149152872 9.35450882875321 2.24274285587478 4.91940763411885 -0.00940078834796013
5.02141971034188 2.84517552603985 4.93929915131836 9.89964833265808 2.66722820276362 5.5520369363475 4.95199752988368 -0.0496488789875745
5.25737555184255 2.79224791948481 5.03513600617913 9.19623490318668 2.70961260018484 5.16548407852331 5.81717494947654 -0.51353719187171
3.3410797617442 6.91674356985085 5.86046581429179 1.91757628430216 0.217654346579313 7.94551259823594 8.55818438629317 2.60662780931978
3.62143505249958 6.12001723808295 5.35504629432496 1.94201365265669 0.141766515242855 7.9277600296459 8.40120395664649 2.07948929264577
4.39767004113345 0.597536541114963 6.35113160006405 4.42583164478246 9.44796485588015 2.34857460061017 4.48362665860161 0.491373712387698
4.97259446366916 7.05362091266313 7.6087918729706 3.47182474930074 1.07139267326656 8.03433132395837 10.1074455526481 6.66121960866747
2.80433692415232 3.17435947458823 0.822638193323936 2.77795987978071 0.65304373616828 1.61128925347002 6.16091814105847 6.30536598650296
5.38454852942824 2.55761587712657 4.95242687279469 9.49983106306241 2.5811608688911 5.95455419096653 4.94273896503363 -0.0391294147034317
4.43923014183609 7.26477462198045 7.64832028717633 4.48614004830016 2.289467556515 8.67586608363008 10.2877649272498 6.94747808082947
4.57698155870957 7.21226640078025 6.70715680000201 5.66827002312643 1.38163382880869 8.51428476326962 9.64617018990823 5.20784106356568
5.10251085350245 2.63018187480309 4.79043869869953 9.12933739103276 2.55045907645607 4.56122787418455 5.24244732174112 0.804302408248807
4.83254194001601 7.2922634787673 7.14729351639692 4.43468140878522 2.07913319893326 8.53813833843267 8.51361473072355 5.83806143526374
9.17753104157205 2.52717448314286 1.46272334972565 7.28898332756185 5.20167406792132 8.31538496474039 7.14173642350521 7.78647255377385
5.56887962614687 2.51646840096985 4.94854642489211 10.1721579154115 2.35161429613548 5.3270284140994 5.82880041771359 0.358734540418215
7.24368223515227 7.17755123607331 1.41534925441958 0.701464317635786 6.03743512654338 9.37062580405387 3.00515829622006 5.54559820509532
8.92425159307816 2.59270827376188 0.967827103230743 6.48798985613741 4.92665779071377 6.84576435362433 7.62352596507646 6.16734003001509
3.10387031083134 5.40393207637654 5.51568711270214 2.17766051867793 0.26580523580952 7.98474076766762 8.44441892776541 2.20928023616457
4.84751624935542 2.30652399412928 5.04905520267597 9.92978677853851 2.59613054288024 4.22374491108937 5.4980889494627 0.556422790834905
4.71139492373613 7.26268295290521 7.28254863789308 5.21251789736205 2.74502741443027 8.37688008512304 8.86721060596912 7.25075471720211
7.35474374463065 7.16480900159032 2.16882613564355 2.29139866850529 6.12760879546404 8.93597014034235 3.86254192095038 5.58538994702571
2.81520322951983 5.44728695824364 6.80990341521831 0.67042611133063 0.316768810035057 7.97338116075577 7.87346767161647 2.24428681945127
1.62417857732958 3.46685317416766 -0.206718315376192 2.80645834791119 1.03819747571514 2.38650661360348 5.94031680550054 6.67692356752367
5.41909590513647 2.64623949465543 4.98481799557434 9.75809237325792 2.53307980956033 4.92791524375116 6.62524630789909 -0.561180979401049
9.10813673328624 2.89979527619693 2.47322365917754 5.59706562099293 4.90393497626717 6.78573547898533 7.1194413381921 6.95961416838032
2.80709000015179 0.478041145631844 6.59347737751467 4.43125532302085 8.18613024148677 2.58129803887954 5.32864209754166 0.203390382421735
5.30365744122499 2.66393675235684 5.07160278870878 9.88818236392139 2.9591382661817 4.14465295635462 4.91847619479538 -0.11565132591265
2.36662994655738 3.55491798675423 0.957680301957961 0.249663646075106 1.32371652950786 2.99648713773995 4.82232827113076 6.53148979380939
5.21482377177371 2.54026499977839 4.91350219967195 9.70622101807378 2.73645689012578 4.41423399166271 8.12255015675938 0.529570873154667
7.2570806446795 6.73431757274683 2.0583509975672 0.77064290631923 6.08558198902088 10.5885307130288 3.40688015255792 5.6376487936389
7.41393415570578 7.88530680518051 2.63753741365708 1.10965344858376 6.10940496817125 9.52428955862454 3.08039785509146 5.53780240295815
8.72898567812246 2.48927720542214 0.971072588011882 6.83106303533062 5.01188301934254 7.37868451876665 7.80929122577967 7.22339190946025
3.43369021593534 6.10894493232929 6.42940668564899 1.39472126967179 0.405617173188399 7.91660224056698 8.07098516964711 2.59216430597945
8.52206014147533 2.67454319418724 -0.166584588514612 5.98725782862464 5.04767879986547 7.12547528941312 7.03470216552064 4.95016815842723
5.36143462551226 7.40348923213715 7.37853904444424 3.47444129145401 2.50686812098656 7.81193877370148 8.52383001507801 7.71270591630124
7.41478827319739 7.44023029548909 1.00758318303561 -0.687906254039165 6.10787876976041 9.0386209948415 3.22555039406987 5.8378394883588
4.37646358596721 0.603065592737853 6.42430565116398 4.61193441637081 9.46849002043347 2.51460281161621 5.35200915269099 0.978952416310566
8.65706563278172 2.72865706948988 0.39258395517144 5.67071767906747 5.08436456037837 7.13668392103026 7.36312314757971 6.40383840675286
4.64113565564102 7.19412646612764 7.4602350524767 3.06683404093263 2.59629186078599 8.0962545085298 9.82473586649795 6.12285834675349
7.69680483480051 6.35631039363311 0.622876691709802 1.8108705949434 6.06253733388375 9.85935270618491 2.15349556044817 5.58142695032689
0.859966055615632 3.97145294844858 0.501758679874041 2.15652923256214 1.22569463945368 2.84898177286178 6.23264430577368 6.48825708762217
3.21599677040172 0.638471268977963 6.11759041714106 4.64183368468077 8.11710502668608 2.1658652868563 5.19273507878276 -0.224748531621419
5.30550306523474 2.67257820434156 5.14059823766272 9.3349125651475 2.88548886253187 4.21217781568398 5.93504623495925 -0.633864851024278
2.20247000796563 4.62919989736483 0.328874476273984 2.12026094718752 1.22895709229003 2.18001884045654 5.39839320303134 6.43964997089146
7.39861663899582 6.47998062114752 2.12370894939923 -0.177167992042821 6.06006464913233 9.47048746192007 1.57405344808208 5.55246257670269
3.57669999195187 5.96965572544559 5.71816684637926 1.53190866560011 0.253359807035206 7.95826570688717 8.16891929734826 2.28453381222822
8.50184106439701 2.64750720046175 1.77409763059951 6.58351545883642 5.03093187341217 6.93577455542337 7.05345595918351 6.94726271150483
7.4982515431907 7.00961987895322 2.27068509384785 0.811981425278424 6.02693221122846 9.43335796143343 3.07618251036782 5.6812360445934
5.12739482780626 2.40973929363013 5.16023232451803 9.69599982194147 2.87817657835967 4.54117924280466 7.05778318683073 -0.175032741246386
2.91751926000562 0.516373724022274 6.52323359317964 4.13992164893721 8.86917439191836 2.48671810265292 5.17774363516254 0.616402356014777
4.40594439188941 7.13199640690194 8.12323120561031 6.1601071859896 2.61648748040528 8.48099618815886 10.1830306349031 6.72403718214785
3.40552772438865 6.05607288729389 6.17432561139836 0.613875325839827 0.27266292177434 7.98265682536653 8.29925820642563 2.32822995658053
7.23191361432734 7.00348724835524 2.03753767542868 1.07839123792774 6.09620112288787 9.3030304078102 2.94531092496296 5.68290495945189
4.5607202237442 7.26381464084265 7.3523179546136 4.58262513442589 2.43294447772953 8.66596673548041 8.10110581951287 6.07337756796123
3.34905358482922 5.69593741443018 6.27770982719452 1.32473600802274 0.372514942921924 7.93797102724408 8.89266621496634 2.42262941749882
5.43104904942006 2.96048009980845 4.63236458187502 10.0319367447611 2.73785744735333 5.025365194788 6.27049892670353 -0.464624556396434
8.85067138831633 2.73080877027134 0.0747304083027156 7.17600484255249 4.95146375909582 7.18008352281507 7.64997358715335 6.81963031749424
2.99137706465681 5.70289981495092 5.68153941938522 1.53637182113468 0.138510693714506 7.94842674774879 8.61484139986864 2.39576319261201
4.25118357624173 0.423807945971916 6.49286735417311 5.03823877918708 9.97868011932701 2.67512083387281 4.31313959190829 -0.220841245205393
8.70468043879596 2.62236912553237 0.0627726293150365 6.9613218592288 4.94153153160749 6.87679959513982 7.74497700753256 6.66899035163787
4.51094176966682 7.19393052531017 7.15304385043215 3.86359393715824 2.60071213077962 8.36211104980745 9.08885004411718 7.41655519577731
4.49037325235739 7.18629682034597 7.47325904696438 5.25838802548817 3.28655460481925 8.42104840742954 10.2198895927631 8.2756364591713
3.64185896238264 6.02819470420128 6.08670356128469 2.18890583775515 0.393502782947877 8.05399102460159 8.60089607425114 2.60563712712707
8.95397257136287 2.48434915587538 1.97660756185996 7.34707198401896 5.1347600144144 7.04499726174336 7.54528554993153 6.15559051445692
3.49866016111349 4.00203251095246 1.41753113275684 3.04148540193751 1.47520770018614 0.269226719918943 5.18458933938562 6.5666737323113
7.3684608823494 5.62148343238567 1.88200668985439 0.0201181552212533 6.05763068588934 8.7754398375569 3.38706046663287 5.60467863903617
3.8467758772468 0.432665722227424 6.48733642445324 4.61545517660993 10.1941248168237 2.40313249315839 5.54154955700734 0.799440619840064
2.08935666114087 2.94559128343415 0.792672992110683 2.37117520502489 0.816645189094611 1.61665100826878 5.49258394138822 6.44666516464171
4.39770346013831 7.3704460682556 7.08964142704778 3.26921134108188 2.71234904297114 8.71754403104208 8.91443939046265 5.33631071302804
3.0211607031548 5.83136793610627 5.68425443995144 1.49054955601179 0.465519056769115 8.01177999758702 8.49187559575075 2.4069710590311
8.84167449924558 2.46680196698529 2.25538801501483 6.07480468689451 5.04935144600621 7.40071462492109 8.53234225282678 5.42183330849607
3.04436869617716 5.95539122405832 6.06585008744227 2.2341054809888 0.166647487387612 7.96430102894723 8.33710812571377 2.63816942654698
3.2999638257477 6.29350132939063 5.10086171828135 1.5763259622486 0.251961885225531 7.86286141234182 7.97630842374934 2.14257420785345
7.64913961768551 5.83120735217603 2.34018135802693 0.209470968460518 6.08254106705789 9.44035318144561 2.84358425505266 5.58493228740054
7.42631149049173 6.78644389023909 1.28217043827733 1.54843646145076 6.0444076104618 9.59234233639394 2.96787693928696 5.50205581282295
3.07553966281168 6.52723677331633 6.40054206804205 1.40793421512065 0.349925056204064 8.01584111509519 7.89842817996917 2.44750468827648
8.95800566620454 2.95234627907851 0.261550315828434 6.44716731876946 5.04482701317249 6.99632634081995 7.68029251114981 6.08614012197191
2.34024503895032 3.02283891840598 0.647408357696932 1.71327808248825 0.173034961503743 0.805191687180538 5.53075294574374 6.44770055926589
7.81220853778393 6.81607554017745 0.839093071082503 1.15373998829988 6.10406021551018 9.77878449532066 3.37662299663912 5.76598505574306
8.47772057752609 2.62658246737183 0.64277909431029 5.68388430897727 5.18497802077513 7.04108931896474 7.69294343061544 6.31123018942119
4.44849569958215 0.504674022758447 6.57239964263342 4.49183021778232 9.5223781725653 2.3247818788258 5.10140278491822 1.02844430873826
9.04922067702059 2.6746859185491 0.919856542533304 6.86124718700816 5.08560090013769 7.48084133415081 7.32085491623343 7.2129224789096
8.8681744386535 2.66886985711181 1.58520202077204 7.41471253203124 5.07217561174159 7.7972982369909 7.9152708212362 5.49523969889533
7.46355541949885 7.37613296675088 1.84472929394248 0.428215029373046 6.04675745994354 8.81298135744596 2.16130694231564 5.36495791304158
0.580308986136903 3.76548582697938 0.096193623725496 2.37216272257745 0.26630716572973 0.653625328056958 5.33138817763255 6.33537651860693
3.11797576460249 6.32925131598112 5.59513713931975 2.06521448284943 0.292932484285243 7.99312173849596 8.23920928819506 2.3904722428501
7.54847914095107 7.21406096370872 1.65982117179556 0.622206954256088 6.09194588202315 9.39980072971784 2.97683769719689 5.59278870268813
8.90488030936006 2.59241154358428 0.897875360780964 6.25284360022321 5.20232510867817 6.83196876417354 8.37288058128544 6.11058290946915
7.39537968619868 7.08630307247631 1.16740390960313 1.88488209774612 6.07843067905941 9.85952853076654 3.10059444799553 5.79903789727076
9.25372802353968 2.34041084770686 1.34865139325336 6.07882237183627 5.02110943089152 6.69199120265651 7.46282050010305 5.4393512265927
2.65726387508845 0.498498410359182 6.42084816984764 4.18016361217405 9.41050481335228 1.86349336264875 4.5039924817066 -0.146393836289187
1.88652110907856 4.34735444549795 0.508649680540387 1.33613388820634 1.21689096941037 1.10805502495732 6.27566975969698 6.49532408017466
5.34864734966974 2.84691348173782 4.90562816675168 9.6128147063388 2.85902338051886 4.87610514228438 5.63150679656055 0.116533870067261
5.51345831370849 2.5582139970601 5.05129676892089 9.05938964313123 2.33593163005298 4.52235331537929 4.6978602392899 0.265354188343642
1.2464884505409 4.47397733477952 0.3452138944863 2.54892332854033 0.527113128046449 1.03844334002255 6.26889035208455 6.50022943680252
4.35065192687274 0.564322685599055 6.48180468121055 4.38489678474628 9.09215704409075 2.23799474371784 5.36731897673456 0.812847473723509
2.73720855917691 5.44437998919844 5.89151139772372 1.20274077048434 0.356055140368057 7.93510448000843 8.49693694832638 1.83312087329462
1.430165238739 3.45307199311455 0.535132420025497 1.84010035592229 1.04640103961491 1.71429772311397 5.70332779925222 6.38972079113296
3.89014856386519 0.660627063910982 6.39667433108894 4.67780871230157 8.96219070276129 2.47818549251826 4.15614321558355 0.233091032604506
3.55190935434147 0.580497914378889 6.35691037616547 4.61147199812409 11.4554185185686 2.2601125780522 5.05375142013773 0.301304424552165
1.95072209229067 3.46167520606541 1.55069964289616 2.1472378058423 0.888020619042228 0.661157593747747 5.52360001060259 6.67373095305235
2.85128695200889 5.18007227043306 5.82205816624706 1.7065803328811 0.19328157733698 7.97190354673278 8.35130736898797 2.96277337768373
3.29292549173872 5.6744359778755 5.70884352634658 1.25758167018448 0.335509226685099 7.95674273995137 7.43860572616233 2.35740846390018
4.67417165109677 7.12099725278778 7.31224805251242 3.84239214819807 1.85912552128534 8.71315261760261 8.32870402551103 7.3946864702596
3.58829337097581 0.33894882720856 6.60020175277567 4.44295779108977 9.61464511200205 2.89543773091509 4.40987254435681 -0.603491011849622
2.69850248095188 5.17076589963443 5.82651732718801 1.48545832231645 0.426428765770503 7.88702872168674 8.13197424441202 2.72935935427951
7.5112669337232 7.25694363182177 2.05557088079315 -0.479235895675224 6.1270570191266 10.2984960052069 3.69416618331437 5.62432367709727
8.97268127648941 2.51033293838275 1.62886353315898 8.11930291211601 5.07573108979432 7.81498573519702 7.59775002229717 7.49496857619357
1.07461140228226 3.2985561760705 0.699557575502139 2.23476508246592 2.28533640783696 1.51870208660499 5.81528780554253 6.17760369538913
5.26669830195316 2.7145533705191 4.62377963531375 9.5910210618127 2.52394616554442 5.59779591241393 5.82230083831448 0.230619297695276
2.05781457086463 3.59771846275962 0.614353414966011 1.52239072271592 0.548783595682436 0.736371186082516 5.2482241229421 6.47986430259828
8.85881629239186 2.69459868503776 1.02583074514833 7.08050877648903 5.04622103148875 6.89275696803171 7.23076749929933 5.28834494115929
1.00083042237962 3.80097566987581 0.64695675134766 1.6749148307607 0.758343969569718 1.74034691558733 6.06876468224415 6.39971823616551
3.89279589852994 0.463801033445508 6.55330291064705 4.09642666344877 8.58521656237612 1.97220134846368 4.81299371250358 -0.142230037201589
4.71149109578396 7.26890193111434 7.4524139681052 4.69327486659625 2.81707434413939 8.32279358997337 9.14980969281424 6.9281081779673
2.98691722294254 5.60574212162898 6.1597399502477 1.90787914801429 0.225135467218325 7.94548856977925 8.33713418726452 2.56557261634504
4.59775009137882 7.35423189664504 6.94551798931312 4.44126353896209 2.08477651676608 8.97990685195195 10.8403567620192 7.18680818858469
3.73617671408388 6.13071852974196 5.38933248661058 1.52672096764457 0.286601182087133 8.02134622319022 8.03066181211368 2.80193018547546
4.6385657666967 7.34386462524286 6.80758288929548 4.74015934472489 4.08416423278998 8.71455360927852 10.7375143846333 6.77434732455623
2.96105651052648 5.80658768357421 5.55073939370569 1.93870944821017 0.216764520822583 8.01865097771033 8.65714758246833 2.38340818110519
3.94890071010263 0.681896585824831 6.2931637811561 4.1172919580768 10.0487495367832 2.43684804353874 5.07939063507867 0.854490586952237
4.34865051387139 7.19373442035219 7.06672066281486 4.19551588671224 2.61378944258225 7.82521626047218 9.69513069530764 8.38250418892946
4.21760338324227 0.472034630760345 6.37669485955882 4.26921667057616 10.3482804355046 2.08247229422103 4.14545560611088 1.39324969162188
4.97221202955237 2.67506945150398 4.67412849573818 10.0841211020357 2.73656508225471 4.64441098230985 6.38930592602307 -0.21336635389564
4.28112845152638 7.22467405764912 7.20049221300703 4.86401639918821 3.38210584230896 8.63671155997539 9.06611972267834 7.08916574222367
4.34535694793045 7.39759898730404 7.63553355664403 5.0195636451185 2.60591687688906 7.97829672832543 8.03273235835322 6.40691609256138
2.65776525008095 3.94724420166098 -0.425420002175907 1.60011115277908 0.588150269170577 1.44005892898816 4.87324206392281 6.66879920764421
3.30102120413496 0.652597263131103 6.41756669825473 4.51291981577849 9.47138526912913 2.13543997239079 4.43473580124539 1.04672004522486
3.39411509048945 0.486406948179958 6.40898359811369 4.34615747150908 9.49797442212153 2.36164760558664 4.96565155129512 -0.309691067894005
3.076928322615 3.38231661002316 1.65670435634543 1.91213403920578 0.821690536812027 0.547322981489622 4.94569572111494 6.08125068848732
7.44813465351262 6.98441403815383 1.80246624439444 -0.137749703629562 6.00888889252958 10.4782650202521 4.41855817135731 5.75783748465378
4.40432038444517 7.20377800759023 7.01809491142796 4.62429483790003 2.48122745251635 8.27547255608148 9.70992685063815 7.34235020915042
7.27514692613128 7.45274863116731 1.04834709900626 -0.477243365536636 6.12515916260037 9.7785926939301 3.83749614095468 5.44412451202441
8.39183778865486 2.31263751276503 1.40611067060248 5.57499594709184 4.99711002676765 7.5678605505838 7.59688689992412 7.48650390327019
5.3680713056674 2.55108294100666 4.93446444147668 9.75224010965841 2.64633318300279 4.61766964683798 4.3521263327291 -0.532605276455402
7.70746292228542 6.31291737243062 2.12492495026246 -0.656518867399572 6.12918650588667 10.0599564515501 3.70315872490404 5.37914064240824
2.84319428838343 7.15707694031136 6.13091140941456 1.93172026472076 0.191795185862921 7.9443806292079 8.78765914201803 2.2059960560262
7.53758434467431 6.96602130241675 2.64706061338639 1.53230111025958 6.03307682876699 9.41704017764488 2.9060764873269 5.59219025909374
4.90798512187559 2.53004072737727 4.93918633539609 9.12895116144034 2.46673035071162 4.62030212136678 6.03054838541061 0.0722844574156815
5.08455682854613 7.28914409152509 7.47943053383738 3.4714128333487 1.65687127157119 8.3473356145948 9.67270930999172 5.52669870070686
3.73683944549745 0.515550084637629 6.30168652288484 4.2596518863262 9.71848495574641 2.13555587199251 5.35507548617682 1.43814226614578
7.40171144111547 6.32890745358317 2.06838707343792 1.00795766820061 6.12466188599876 9.18246457287717 2.8886681157569 5.66158035549226
8.55819505811681 2.139458506123 0.68701704208934 5.76341064415995 5.05365626670669 6.64640418624439 7.46385695307621 4.74391685640864
3.14279845921908 0.43567699397393 6.32843755038209 4.81454091081064 9.94790301720767 2.13227859075006 5.82507464133562 0.552942190681143
4.88727304320599 7.22804127821105 6.57185695997777 3.0380961358469 3.52214734587871 8.26821476218335 10.6753641360473 5.4971729764589
-0.0140307171418543 2.9922129497115 0.751442683384083 2.48892132289561 1.57729948767395 0.927331073047431 6.07160468585224 6.56348329983757
3.23170810753305 5.49291613925331 5.90640450170364 2.02165365296552 0.15773362567031 7.99075550408424 7.83192615387263 1.97419689281686
5.35578838913412 2.90366244093958 4.89567363483506 9.64593848010301 2.68580655193271 4.27216956327187 5.59580536434257 -0.641785779659776
4.11320895826623 0.596944664523949 6.19503493438215 4.45452402912634 9.04397465022266 2.32457681986389 5.12137659747913 0.425630807365396
3.93190766979124 0.389715270233568 6.31999379235205 4.59880548549291 10.0607153938379 2.50250699223068 4.10141698590534 0.326650485380516
1.41206704107118 4.1915284353331 0.635125655178016 1.2854815518376 1.31986069179532 0.22502693899881 6.91423469327871 6.4712201546424
7.54508544859067 6.56663149721683 1.41682455401619 -0.323454012952905 6.05901119041698 10.1820706329812 4.00428109037076 5.54002679042577
7.36131379610428 5.78888718893711 2.30571649886579 0.0380625137257497 6.07856381114588 9.68932522432636 2.71962015953374 5.66380136383078
4.636936797318 7.16284738306247 7.10689739304259 4.71258607992586 2.45670111503869 8.79072598426421 9.42769239968214 6.94919944625416
8.67194586841293 2.38728053732728 -0.522614719947204 6.26451218968518 5.05615957033336 7.04267352402864 7.53086763573159 5.4567856175359
2.39033880805061 3.08697973468364 1.18617290909104 1.25424795872944 0.955951843594163 1.95652369902451 6.42027187480662 6.41388061561967
5.30597815195373 2.55963076171552 5.04893696868176 9.21824715629181 2.7219976411314 5.53006604332301 5.7483470825918 0.0936888718297835
4.77935490660072 2.64052637650571 4.90085654984286 9.76038370018074 2.84434964745198 5.47659962642564 5.64900488734886 -0.693504744691715
8.93208118809967 2.58635253859068 2.75879413462498 5.35235086760666 4.97856184063387 7.33067819956981 7.39742643487956 6.0351453032621
4.70584860065543 7.3312693693705 6.9221919972055 2.68243885841379 2.82331623133819 8.56360569586603 8.78318228451712 7.33123987841404
5.51398934108991 2.72019689592474 5.05806612559523 9.0167596273124 2.59387282048357 5.77769724813296 5.50062040714989 0.536244412558575
4.82492347992186 7.28981413322986 7.32421861775051 2.97827987113588 2.81887572905045 8.50623531373649 9.61897851380679 5.64804982178153
5.11813869322273 2.67354364223645 4.98712952829168 10.0423118335743 2.11081841634745 3.99831239217958 5.82103042727189 -0.23832915242625
2.90089063334761 0.53545850365981 6.27842387670787 4.89644335332114 8.48999239676561 2.47864634280471 4.6087116544834 0.799562939766353
1.38634713124035 2.52830950096545 1.41230479358264 2.46274282024564 1.87664240110417 2.12736703469045 5.59919673691661 6.47878559549542
8.67322385796107 2.58075250468001 0.831851982890798 6.40461687961944 4.95416137559752 7.08110015054669 7.27592949337834 6.14474849613394
9.08336427849758 2.02551948315317 2.2496868706407 6.95288904812854 5.04164372220639 6.97916339752936 8.3166280145878 6.94345626478365
7.67911979952089 6.73518361266354 1.19569132041802 1.81486060772896 6.0942091451197 10.2841052206215 2.88158782910686 5.55004743388249
8.45372770846766 2.63345334090521 -0.0596712910072654 6.47697200547284 5.09747089136697 6.96442800992809 7.62939723347413 6.34235013733861
3.34203490454599 0.697332966241756 6.27468514850279 3.87038450250227 8.49547739960295 2.21619946692042 5.29458390754692 -0.225362024974774
5.25390279471726 2.57111428713545 4.89964786560015 9.52672279222159 2.71327076014644 5.15656028470273 4.62089899669659 0.275650384710903
5.1958377246 2.83261176133943 4.89193984306898 9.58204983787481 2.75152971579847 3.9740865442437 5.51521332865052 -0.294948159781843
4.76725238710249 7.316039875471 7.39721723522655 3.49312073801536 3.47309830124641 8.40216168892732 8.83831296058657 4.34378138565135
8.83351757105181 2.60920071030158 2.81026111957321 7.42734766914759 5.01835422884498 7.23829955862512 6.99430926198392 5.10900360649382
3.31898211882132 5.75651446760709 5.62823725368628 1.6395779372508 0.289764110227479 7.9431220431068 8.36059805514366 2.65035138803373
7.6235788140922 6.63712550335926 1.45988125319121 0.895699152108776 6.04300238344751 9.11934474729605 2.67229754578633 5.54302004583049
8.60040273548763 2.31004587659476 -0.502971638810857 5.29465636909712 4.92055133899426 7.54655523057484 7.9637217330626 6.46848799141074
2.75037262847328 4.00270588647151 0.087897664985484 1.38254193538793 0.675164770529672 2.44545160443696 7.06220401393267 6.29241623988763
4.26255406666512 7.24925576194044 7.19930863813098 3.31845706842122 3.25044373854032 8.37344082800105 8.50267695365409 6.05420630854918
2.80961699538182 5.83570833884917 6.15517413825247 2.01083857936885 0.263729037917753 8.02509651072502 8.22363059955556 2.49885729635736
3.16574823269889 6.12529101542342 5.27925247958743 0.743680821572057 0.145533609416133 7.99449796029503 8.6494500443845 2.80885509340199
2.02833757709879 2.26748973935349 0.129717127903918 2.52336329915852 1.76038081417088 1.7745077274048 5.97586929864362 6.16556527102584
5.23595391387033 2.69123373702164 4.92272775728561 9.18326724147105 2.57068367551028 4.8600343628689 5.59036599571565 0.0605956112447628
5.31312996122123 2.63616279879383 4.78551632994093 9.59391626696969 2.70126666010653 4.74439763813154 4.26192691894595 0.105650855148946
2.96218274831181 5.26755690036691 6.76329917880091 2.12541266934827 0.33047553104636 8.00927405963642 8.18833618434459 2.93485971020446
4.96996809705052 2.65414551077443 4.99703092185937 9.47244572197368 2.67578783854331 5.59672125336527 5.46962008901271 0.311652667574296
4.9130578431934 7.29010189032924 7.08346351173473 2.30838622654248 3.43199541098038 8.43909312082285 10.1279340375509 5.51504627033573
2.74403050369035 5.67585782094228 5.97941616203364 1.33292378068013 0.140326702701943 8.01786890428069 8.30372960898094 2.82044127282021
4.44986233458949 7.40443132363515 6.98508515766868 4.547444391933 3.33789768476582 8.3158927040422 11.6901119845386 7.70195184303387
4.42399825812573 7.38132262285704 7.26870611755192 5.01304305320434 2.97476919448601 8.26911696700752 10.6389813019403 7.22515718553077
1.99547241976866 3.41004738187989 0.0902374739115335 3.10897514237606 1.19181156757414 0.510285277802227 6.41016532584098 6.27452001466974
7.43986549624306 6.0652837850164 1.21667117743915 1.73324767138812 6.05060031896147 9.58060810902028 3.46461707241983 5.43484744926238
2.40799309787896 2.45931504931428 -0.155473096370561 2.20737658525902 0.797792993177714 0.402428823851506 6.01797534308639 6.54949928646115
5.28004024762165 2.59278472997512 5.20567596990448 9.91793353679519 2.5551613957806 5.15740094576511 5.85107487080649 0.423517921500444
8.51404794407911 2.80641399646392 1.54963081321409 7.47808021766418 5.06905329770798 6.46929508308485 7.44207214057731 5.10909525394133
3.64012116621262 0.475240748602905 6.23857918906239 4.75212301293486 9.29316898567716 2.22457086672154 5.0672185893078 0.276483110735529
3.96891941982083 0.380580148176449 6.55454467005738 4.71801232948527 8.55839502757387 2.49730966999096 4.69717178077954 0.653937405216618
3.16909027893936 4.77058042409638 0.454210679612802 1.93811285966453 1.64329069860486 0.0233706483219073 6.26294825449074 6.34926785403545
2.82505551941423 4.25594440596978 0.439209994162813 1.71828592710961 0.609077038329874 1.03560482234857 5.57210289851723 6.08936927736448
1.20778955613655 4.58974583582267 0.896227767188357 2.97146125889906 0.627783179115127 1.54221705112672 5.34707762393865 6.7603031876813
3.6155394352846 0.553604582490377 6.27230613934882 4.31939958316112 7.55118539806397 2.40140568161246 4.18707428405803 -0.363571707717679
2.02724512376864 3.82892607917069 0.997330459235398 2.3047986616805 0.783795160679345 1.19159675830437 4.81772359933669 6.54586597787061
3.21288526827871 0.615280598779952 6.57610699900203 4.1859544041512 8.3334469275045 2.73855269066514 4.40352247335403 -1.04131016639798
4.74364479849577 2.53797613533419 4.66079939313866 9.82722541024783 2.92686815447654 5.17580898096006 8.26801344490674 -0.208718986622491
7.35010937701899 6.14285941672221 0.607847380498159 -0.208452334221997 6.0795110600453 8.85583812427303 4.00811492564182 5.68034627623045
7.71114322041428 6.12270871923628 1.78213195938985 0.3875873789607 6.02737830078995 8.93822309769272 3.21730529029472 5.44491034466432
2.94197942074168 6.01043964456174 6.43893218066658 0.939501453978941 0.176585389765135 7.96868565783304 8.64314943073151 2.02093011235892
7.68608819085043 7.10664377923604 1.33712397830966 0.0308617409660843 6.11492500506583 9.59884789223686 2.53789055419484 5.60582873032642
0.679233205783202 4.5443082796795 -0.273544538370915 1.96444380191109 1.45485544790475 1.1447534440487 5.56382388815594 6.49111732633769
2.82757650031093 5.59247035100995 5.90248991713045 1.49900326904121 0.335952560418509 7.95170882388735 7.93187688924118 2.44758920845284
7.69904684339873 6.82612627715483 1.21827299496908 0.375998285996334 6.0749146280326 8.90790144398857 3.16466591651863 5.48557218675256
4.07206915522628 0.693654178651656 6.45984436949208 4.59381748684851 9.13961554268903 2.26107241090643 5.17960377180849 0.284753285616642
1.33511377640702 4.21162002047176 0.605747993598285 2.0257200369205 1.19940665888692 2.09831255290764 5.92251503842618 6.53673539937602
1.95549374388532 3.36239923544479 0.107787796408183 2.15104010059396 1.00306652112547 1.040460957899 5.44794249760364 6.81118113958755
4.15564376304632 7.17207051027756 7.11467036706849 1.88640299148454 2.15558593229793 8.77155580309377 8.10571211070952 7.0143465482583
3.01177296090005 3.83292221048828 -0.0683630123648458 1.35505104531589 0.923343300695432 1.37658248163001 6.48472054258283 6.60889002772759
5.14467056405566 2.46096298378302 4.92904473616909 10.3382668382188 2.61876116113227 5.05042261790086 5.73484667473994 -0.0206538313503377
7.57606850416058 6.99398683485305 2.13317217564231 0.479461600034387 6.02754726119989 9.52177727019313 3.70957898396806 5.56802886392386
2.97301271622994 2.89535857584273 0.659995262704289 2.43019729852996 1.12527874112155 1.56649704249941 5.61095628726097 6.20581157874526
7.49624570358911 7.32882967051261 2.18603422142117 1.23789251955343 6.01845524763196 9.05500967840725 3.58394656027662 5.56636405647764
4.38447445593429 7.3254513203471 7.28601880351705 2.1461153674085 2.00321023127877 8.39472370317705 10.7608719126097 6.51195957653848
3.94871746886897 0.544701805247764 6.77491022314207 4.51299719553408 8.57539241603344 2.49082631698982 4.41329967017805 0.646673022064793
3.63912925584176 0.626808567071365 6.52116710658946 4.19869821311894 9.0982773835906 1.78236913383968 4.90789141876165 -0.00635574189311758
2.91288598546961 6.37708069786703 6.3298304234256 1.5503464305394 0.155062956233692 7.95106799992276 8.08772163673745 2.96789125780748
7.69660087941937 6.4443506653279 2.33249444099371 0.564193793218581 6.05286311680719 10.1091159528143 2.75561660767624 5.65927651245393
5.42713720309205 2.60250350722727 4.88227726436619 10.0013660961259 2.65203699595731 5.28085681565226 4.17888218210322 0.296173743673887
8.42543558435415 2.57213361072521 -0.17545011807243 6.9453164765361 5.07936462531271 7.21932190191243 8.61407520608495 6.87318496122503
1.86097201671522 3.61688361108981 -0.0160179810116096 2.21447125598151 0.96024496532571 1.81596949993928 5.92272544455184 6.3498415222594
5.15168533342063 2.54885990262219 5.03941999526331 9.28203839695227 2.33432371758438 4.79392147432322 4.9936215543336 0.157170389766248
2.70839978228253 5.31014853725402 5.47078772172804 1.88314395383966 0.439410275473406 7.98918255240254 8.44786539500705 2.19312749234552
7.35637606278702 6.89142681432219 1.6438872870168 1.45267595582026 6.12894156466255 9.60939243540029 3.29081610235498 5.62440837578447
3.55312831148428 0.551051118949389 6.65183504664094 4.58622800678155 9.45592101282148 1.99165283447024 5.48597611078082 1.11955226631912
4.76878417720222 2.87398004468119 5.09648464874092 9.91652031455318 2.80284126145709 4.48226090923185 5.20983439234524 0.137464023508088
3.01053228448066 5.7487681570898 5.89049090579365 1.21977994197467 0.298041030649964 8.00085404088709 8.29001908678574 1.77981111857887
2.00264279341806 4.56471632811527 -0.772305022318639 2.38002590489869 0.473351559903982 1.91484187249215 5.04114053157252 6.33478712291234
8.60165985261832 2.66092402401065 0.240955716231884 6.26554877357351 4.91764122605692 7.34912904158415 7.64698355905552 6.72211744784038
4.83856560019104 7.12262155687788 7.69514280638286 4.96234212662102 2.79447598279417 8.57951273679347 10.3746932967624 7.20835459910837
3.85658323728051 0.445832147370886 6.22336592422704 3.8768055547629 10.4400043267181 2.67486143820174 5.33548898523361 0.644137748472193
4.318564735139 7.31885414336877 7.16485396501889 3.80707688072054 2.90229152802443 8.30426393818077 9.6815264719365 5.41599514200583
3.2835076927702 5.84346859204177 5.50366687182945 1.53158757576302 0.256526014759037 8.03330488686334 8.37769617188685 2.94169198434298
8.48186098214484 2.59303706041927 0.803982342533916 7.81506572506113 5.07732243613439 7.77396256522588 7.75424934271766 6.15928967488061
3.57336354756941 6.51691060213259 5.7747582349842 1.61254063247205 0.211602196845244 7.95260724972125 7.96157378418053 3.00620340420831
2.58457271507215 6.3896972218837 5.29896937698743 2.57959640079574 0.334374759954932 7.99943805741359 8.48278945387711 2.39642636258753
9.19516116488592 2.53243491661957 1.45497484260596 7.12446530874512 4.92136170443619 7.07162771232263 7.77989370284447 6.60089503452556
1.93947875970212 5.94720031089023 6.17808447619817 1.72873821059763 0.291806431975705 7.94601617732214 8.39072722287462 2.77782376541115
8.90218482952276 2.45451634438945 -1.38369749021884 6.67648239017421 5.06329326403852 7.1063441650584 8.32363283334335 7.01633231073874
1.35301942478134 4.61960037305356 0.581119533803267 1.6261451839795 0.645831289607319 2.60801384938004 6.56883182320612 6.18249679065174
7.32112632712431 7.14068129120155 2.50412851491575 -0.224535860002399 6.0738337717911 9.21122054305824 3.60932375098203 5.47020816230678
3.18753310417864 5.85685336128364 5.579698904058 1.18058587796487 0.423840334033615 7.86895572865989 8.10010542878793 2.17255535365592
3.50936636283371 6.26578477550471 6.06400471213051 1.68260777636281 0.263742698311174 7.92964358695255 8.1877541531076 2.72524410924846
2.03690090105915 2.97512395337232 0.560399562379318 1.81239571927825 1.4412855312826 1.08675317674515 5.03520908758623 6.48802832894129
4.15739329862178 0.589166972177838 6.27202662559725 4.47544669169678 9.91665031826883 2.12963094399796 5.08220821681015 -0.0759172424984089
5.45111089633549 2.59445005429189 4.98250331163127 10.4036387031633 2.49269649908212 3.69557413699704 5.24632183392336 -0.208606014352389
4.49515408118262 7.32271981390505 7.38229118852804 4.50632308316087 3.34931410244717 8.84097513452082 9.21445571015249 6.33276694728607
8.5276951002231 2.15609001404751 2.71279651018766 5.23131216967385 5.04815009552483 6.96985924132384 7.75613377782851 8.27119840575966
2.38592999131467 3.76886605902031 0.569609283152386 1.37950945287583 1.15788698493292 0.752531367804219 6.51973062621184 6.4963287506927
9.31554052707564 2.72584152657979 0.932402045093022 6.7705833219613 4.97513261081659 6.57502086453215 7.72865496753957 7.21193977895987
8.84241221873576 2.8776782842237 1.02728205120198 6.99193031142261 4.94297761025418 7.18851739842035 7.3570753432677 6.4271576862565
1.17699438669431 4.67557542781833 0.961844989923481 2.81468487785504 1.29186751825706 0.919407301115579 5.29952635808454 6.21671852862239
4.20553779723403 7.33802685837565 7.70803922962793 6.10910368664829 2.59911454611532 8.53050709335452 8.56712023585518 7.22277265566093
2.06087236596191 3.78279242577158 0.447424034461479 3.74924472756863 0.945062826799256 2.03584013866466 4.68711404541547 6.40007102640087
5.14626310352003 2.29297577615604 4.909547988043 9.96443494922052 2.84891548505141 4.41392442918453 6.63423276209467 0.399976013252191
8.6935957463398 2.82032719262192 -0.494940356078965 7.20678338714283 5.15680088931938 6.37548381557051 7.91344199849695 6.89180229572576
5.06985288765191 7.29324690266951 7.85014762734305 3.69618483125911 2.63581398325188 8.49850208410744 9.5626471605182 7.27218867903709
4.10983037638091 0.571952562788922 6.2257249119957 4.5049986178099 10.1222058091908 2.13947469999505 4.63571465897816 1.26514158387303
4.50098076178886 7.26397952245607 7.79628612032851 4.61619119684301 2.81577447405297 8.63948105974782 8.70599902671667 5.69525162891737
5.87744707209246 2.3298637382324 5.04046226818294 9.22913519088793 2.74513205913717 4.52354626019178 5.0921038015963 0.353321622497925
5.11144192977699 2.6000796708281 5.15719084633637 9.14514899389045 2.93506355433469 5.44872777094459 4.84276309307841 0.31443675859817
4.25133391620137 0.646782924388903 6.3332457238371 4.13506228278076 10.9550927604063 1.82426648117032 5.47058189118128 0.0943322123863629
2.03561943837642 3.84934264256169 -0.0558328510815926 2.41394577357456 0.815797612797576 2.03590880911565 4.96528763331127 6.56736006188028
7.84892596482981 7.1015433743511 2.1985491340736 1.33346285020826 6.09327713344814 9.42942107732589 3.38058445230187 5.54683183954381
5.16251312209848 2.61761428513096 5.13415247023226 9.51736248635701 2.64551848882495 4.59009149490736 6.3489474026986 -0.527370684986243
7.4785356010984 6.25354321611243 1.93453783629006 0.0125928166886639 6.0528282276038 8.72201144539831 4.33013645708483 5.53027524778686
3.20890497261579 6.09963216498787 5.8838209200844 0.884598373869127 0.373343448323553 7.93092081537676 8.07240468655835 2.27542703810622
5.17651042599591 2.6552365253806 4.80835486818671 9.75620500357073 2.52723437857969 4.65176006889456 5.0739435138023 -0.0762238102980585
5.07736291845461 2.8942033532079 5.01721325439868 9.63729626318199 2.45241023288258 5.24333562628915 4.78930726355172 -0.165173249456207
2.63940031610142 3.15740130458017 0.103301299313883 1.9551520205486 1.04922555733045 1.14739016793774 5.2647648961251 6.62468091173323
4.80244983184452 0.382109730946998 6.55558797014293 4.42147592202435 9.71390367941914 2.37434305194645 5.13432189871249 0.548256498909433
4.84804875030739 7.31160738924568 7.55805684279457 5.01245157219394 2.83244100868341 8.43982296717558 8.93120868033683 7.04700932944103
5.08187750279927 2.47821979837229 4.85241910166033 9.36669891047892 2.84204700358189 4.38798499891562 5.43047386427669 -0.592973442218484
9.01885566850763 2.45830398413641 0.0563089185941075 6.18254960577725 4.8608527218257 7.35651824622684 8.19238138976959 6.61094487429459
5.34407814160103 2.58067247390795 4.96959827533863 9.76519212713827 2.57080868919187 5.0007942169199 4.08266136137882 0.095807837950737
3.01305416943067 5.79142742884612 5.28780915236472 1.62294249092887 0.302799571076228 7.9700343754911 8.05528883869138 2.49970132229903
8.48410608991621 2.47064985999243 -0.215747141441278 8.12070022907631 5.01414021620197 7.52961639391165 8.43415754012774 5.84240816769084
3.7353047738756 0.553024174923526 6.19743752480923 4.48497677253087 9.41618813232445 2.45713130845117 3.06136354919555 0.758267143050424
3.46033142815586 5.7111441776791 5.10521716426018 0.918868436637236 0.261936592970752 8.00712565332129 8.52478571325785 2.2399515393631
5.21772369721108 2.74466346166236 4.97946040348519 9.06441256279716 2.51403985082763 5.22319096046706 5.99883859481765 0.779795609835767
4.93630383080265 7.31360555371493 6.58756947319318 4.96816149161128 3.40584200168277 8.66024409161137 9.46875226500612 6.21235211869781
2.62126778885432 3.74065785835686 0.244951000206768 2.08265425071839 0.0760668244212503 2.48398332161822 6.57654967562094 6.4859337064428
8.66901182996635 2.84531832815548 0.996114997791852 6.03566245014277 5.0067786263245 7.06594236469007 7.48421166278495 4.86672852056371
4.38528374203517 7.20891710622296 7.06811478447522 4.35957898871373 2.65937029146819 8.44323969392769 9.57779884624372 7.3468795883254
4.35831950487605 7.30066433664026 7.84424278983795 2.49069443103582 2.34277645757977 8.57941653605377 9.26862250746226 6.47180327070632
5.41248919297537 2.55490541173541 5.13189459905016 8.79083776892099 2.55326806632832 4.54790477166276 6.16442417843071 -0.102069369436217
4.47681860810584 0.470814611610218 6.12436877183726 4.40004880942355 9.2129042407571 1.65551992013497 4.63837419944228 -0.214960345910423
7.28525992265357 6.39299404453627 1.48024051259623 1.02831298067529 6.06082854342972 9.04128609168898 3.17809709624293 5.38295236902707
2.34781176083295 4.47760873557449 0.273873875817204 2.87998721803498 0.840549103257831 2.0424138837069 5.53939492970521 6.77107942474519
3.77484575313258 0.57712052757582 6.55822092478967 4.38137455016959 9.51783597905265 2.52889793834284 5.19437129976526 0.200866829493514
4.57218594298712 7.22251652641091 7.09151761148159 3.06700727840653 2.78810490099201 8.10210705190595 8.4279164351678 6.9867369710006
5.53300317704959 2.61946711477183 4.9372518374931 9.3703857171191 2.84651307359569 3.61385869211573 4.50408188522556 0.245329555136992
7.56307164024084 7.79376491055443 2.73635831443955 1.33276262897984 6.06750289229217 9.15843699283431 2.22915922601734 5.68658392713938
2.86221903923839 5.18832506056309 6.10308519444516 1.35648875527226 0.329648275915224 8.02084174667595 7.86602363371851 2.17123181792243
3.70800826776733 5.85178195258638 5.62094422093289 2.27115298763432 0.28160445581165 7.93573822812698 8.52420022925718 2.44726737445595
5.16545475873881 2.61078682511547 5.0786592556557 9.36355872994361 2.56767332158879 5.53344426516239 5.49837085246058 0.658102986908207
8.61385674312833 2.52253558403117 1.02001149334896 7.45808073227713 5.20179913098326 6.81019450597113 7.33745738391205 5.31862915317734
4.53391317326008 0.380223034579025 6.40280015600092 4.61711171740276 8.94755243845644 2.69345478025319 4.95168515696874 0.132582525991636
7.26853226193224 6.92348262215595 1.95944096174935 0.683032607360039 6.10997847244612 8.87141247395214 2.9950031304144 5.46902399009744
5.17842001111407 2.33338702537732 5.19670444392933 9.70301677783318 2.55847207001448 4.35595941896154 6.40001592899316 0.281019850287669
3.20894347905095 5.87812585175386 6.86934000246177 1.27102370798841 0.439691190870759 7.90057153941757 8.47985357624925 2.38843845608555
3.24609644392723 4.98301239311197 5.45298678517796 1.84743506437506 0.182527731570255 8.01720326640207 8.5797010647148 2.81901493689866
8.93052871231396 2.59628802307673 0.91187698996456 7.39244637142844 5.10686302695293 6.66560551462628 7.39320217398773 7.05390450211471
3.30920844997586 5.85046292840919 4.76693764480379 1.95569989853345 0.262554302815136 7.98240785483869 8.27393001692743 2.58007623747858
4.31226270570371 7.18814243156656 7.2955577403215 1.75840754101137 3.02198562622788 7.98978931058342 8.76568916998571 5.87408740850094
5.36197645353038 2.99162500291604 5.17046561340915 9.40379217191615 2.52998262854941 5.33322665950232 4.44654592463707 -0.00736385995056486
7.96600747181844 6.91007123320156 1.32618712578952 0.424274890508017 6.08281992382244 9.31835632754533 3.24834453126251 5.51948043121518
4.20983746212381 0.662089869000103 6.53456138270007 4.11649068113899 9.32558484503349 2.33726403515273 4.69031848969174 -0.409989229734095
2.52258442313268 6.44124671503491 5.97329706569106 2.26740065417778 0.0841731196390968 7.84576537703783 8.04911833909406 2.59662609489001
0.938719770193422 1.96639602330826 -0.485486320234367 1.83578333277262 0.52382566898484 1.66033727750097 5.03285321388947 6.22179676240066
8.45640123793499 2.54174591577507 2.86451446688034 7.38820185697733 5.22653756288923 7.43963254521641 8.09899538897811 7.17427124191898
9.13885864819603 2.59879378743234 1.51529640945272 6.07356898396104 4.88135032944693 6.79401841936737 7.96593461910337 6.9608969515092
1.85128099203366 3.11896786344404 0.308429485905803 2.71507812303439 1.07809068883399 1.48186367669385 5.27417560127974 6.34778686003018
8.95140856395223 2.62534131875953 0.936547719176418 5.40985919143988 5.01008325828537 7.41369327676945 6.91046947818098 6.2385325847131
8.56041641100891 2.38703372313729 -0.397258668590753 6.91240268694947 4.99063963076933 7.10923111381591 8.17858362526012 7.24102596929119
8.76218990510286 2.70023008952678 1.90938220910693 5.91016162765491 5.00223242211335 7.40591058650074 7.86355537140933 6.14681087611094
7.32630569045797 7.08066387467599 0.871353373197632 -0.599501089010258 6.05748476131237 8.51064873621258 3.80468889481093 5.51504273571738
3.51596199113673 0.56538476190299 6.32129634488699 4.48376759247903 8.47265868465099 2.99958196895666 5.26422098871482 0.160008803891496
7.74477897581109 6.30480419241271 0.83899851670051 0.177515856732061 6.06282768840813 9.78891293721911 3.80132759714101 5.77093177937742
7.81430051276874 6.84818534068802 1.79755576140666 1.2957394683858 6.10976044178474 10.0045272458585 3.224739561253 5.65043979888102
3.53858325848885 0.504611355849376 6.29907980740966 3.81795911702228 9.24457815971361 1.88303955569126 4.508933354637 -0.394455554981195
4.4403376893205 0.689208008945942 6.53424662689302 4.66246161396381 9.62250125395672 1.46432165435157 4.89578281336995 0.700076593582955
4.87753726052427 7.1305920650363 7.28268353993557 2.33873057863243 2.75256257815909 8.84405724629121 9.04237943705802 5.4197153331452
4.89013318318633 7.21903623855751 7.01721658143549 3.54538962001398 1.42756279456231 8.27849381223578 9.2629389080781 6.19684420750037
7.35506094363837 6.61097623799728 0.561497597477719 0.989050044488109 6.11329068972886 9.35649464383887 4.10664259384435 5.79162998239798
2.98361783876928 3.35080714318652 1.15569415271868 1.92393110209612 0.836653551380038 0.686622091810849 6.15826861545944 6.49223928791338
8.97928517138309 2.44255572815161 1.17331205618536 6.10657986201431 5.04999619551743 7.3292737957137 7.63881203288586 6.08985586091912
7.70361781866504 6.6291648701317 1.77747509401708 0.783588001194538 6.08840138101047 9.24345210457703 2.90104559348362 5.58231560282716
2.80796999418628 5.85967518921194 6.44713352584292 1.15389754942791 0.185682907218243 7.94220385823915 8.66076248161396 1.85194995445278
2.01087765157104 3.29731250561293 0.438312228026778 2.2454222281041 0.197013414145652 1.17622496231757 5.6766390675037 6.20617497718487
5.38260933836433 2.64103939433343 4.85017592789808 9.60735300601907 2.53688790663451 5.04656478292407 5.56701585069104 0.104341302548179
4.48297883121126 7.31527153020588 7.86546838172394 4.83203585176707 2.36912035148254 8.51831965756216 9.87537358233019 5.89625833547104
3.93949442310247 0.475093967720274 6.22208688206475 4.49268717473556 10.682151672013 2.52136156240427 5.36595936412447 -0.0267767398296431
3.38010628547539 0.509850539230757 6.47648405001901 4.00846380308093 8.86730759247308 2.77174731071447 5.58401368287757 -0.0872099916449748
4.23157927240952 7.18846929384186 7.60291453586422 3.28714934617215 2.66648428873176 8.51206658036961 10.1539377630881 4.47325715615625
3.6129301831666 0.459403832767529 6.3333140178984 4.15390102779666 8.955435242597 2.455682348709 5.41087365929826 0.429581585583846
4.34101697624708 7.28051677475124 7.67868924246267 2.99225493988701 3.21246307664143 8.66458169334349 11.403582429537 6.01949938797571
7.61135976072961 6.47747298669875 1.46552211727654 1.14565378491704 6.05177622664484 9.83439156459083 3.36540679490561 5.69644846876021
2.87294010949613 4.50053186980775 6.31697399021896 2.11175452751255 0.217996567766276 7.99575781371506 8.20329734515625 2.34926909777404
3.56044901668028 5.88975164937501 5.52091541657042 2.02363645643387 0.200277146940412 7.90422229535086 8.08605636639341 2.37152678861791
4.81667046190632 7.18745126195981 7.77817790067133 3.81171795108717 2.80490102879855 8.22725794104017 9.02420951473686 8.0528242628839
7.6767918697539 6.65176700979312 1.96620412028455 0.792370834838887 6.04430222870169 8.91312739368356 2.86308380763068 5.6213527166366
2.95575801412486 5.28676829757827 5.65982061527671 1.63116062819153 0.106287961681449 7.99135419887484 8.2589412390776 2.01284369752265
4.4351987859453 7.26123199624196 7.22469552975666 5.08017611591207 2.07899114949466 8.36670361982157 8.67258613980408 4.70650936816116
8.76896074960569 2.39037368698685 2.08722993889176 7.19488022192202 5.07312510633069 6.59710708531742 7.22775094278027 6.81429744482335
5.15909732689126 2.61900240396985 4.93002407719027 9.51714331796572 2.71082386095644 4.41571748973547 5.37548130533013 0.199046106143585
2.40035436139428 5.17459176895971 1.53569470726641 1.31569595423313 0.610086569380043 0.303557525649472 5.61758573399038 6.59597347949318
8.41398813913407 2.6012101918722 1.51745898847973 7.04709158202709 5.10149760769844 7.22621238437084 7.4101548937667 7.15063471158912
2.93752085770116 5.73190882945123 5.64777716354552 1.61503643281519 0.203902659190999 7.96074979676751 8.45999545825306 2.2174895033955
8.74464293391803 2.28867488350335 1.26504326315308 6.23652105126784 5.10957919682558 6.41951757568858 7.36784221511187 6.86599090763635
2.78336862145677 4.0179171623828 0.0836630624111326 1.71607085449806 0.532295291371133 2.73106867620815 6.30816548185342 6.40728952493403
7.49067977178372 6.80853115696773 1.90292572089031 -0.196285731303764 6.01849212585431 9.95213960178336 3.6194494863991 5.42128771308572
5.11981002928562 2.96525694233334 5.24321912096462 8.66700149723565 2.66839104606857 4.95214372391255 6.25735690488244 0.221832393873916
7.49964763829154 6.51865244585779 2.06906614612926 -0.50550628629364 6.07235372392524 9.69187791263929 2.66728970284723 5.68165663523782
2.94188218789534 0.583675731436266 6.50015012282036 4.16258775189102 8.57177825984991 2.23562832309772 6.05088460801455 0.69185480002803
5.19702319517643 2.89073842425437 4.91011818638406 9.58485904778126 2.60228589531489 4.77347028866623 6.5231641264429 -0.36069040999125
1.48846116778978 4.16335155202232 0.870633217952143 2.24065141087659 0.891811884789339 2.30617931496699 7.15785623988172 6.58444398839018
4.87040914622613 7.28794356339028 7.25561612402467 3.46745620268301 2.36031286732361 8.72692191969164 10.0308223376509 6.70566662712848
7.55530998286411 5.55401333843575 1.28404969455595 0.308722298481689 6.05673781037746 9.49061445422296 2.56682922009607 5.55939938964527
4.20100644113493 7.28724305943628 7.43802800849706 2.02810084201866 1.59955688603526 8.29184696931606 9.91060991607868 6.88121349879688
0.753526170367717 4.04129230479042 0.835386252047921 2.13891465354281 0.951582674734349 1.07769684466807 5.11788880058769 6.41032208278978
3.23407412646409 5.99989492366753 5.05308205966906 1.44375037832321 0.480816117073643 7.97618158904226 7.7314538731967 2.18929685455115
5.54857474349737 2.60429235159962 4.9615255067355 9.54872035855235 2.51331848543664 4.14988542541085 3.85554080302002 0.443067225581171
8.88356946098774 2.55821456122672 1.40513289001702 5.77915639204459 4.8974794893963 7.10769504831645 7.11173945837447 5.81446383999113
3.52612385801119 0.455531135563346 6.246563519877 4.63547641648605 10.446754604795 1.87218304437111 4.52391898579364 0.14760490320408
5.0437301645624 2.61133107478629 4.98274925285725 9.77677058272622 2.32639524142207 5.75992421591227 5.36183328303343 -0.322523133125151
2.94527466961118 6.01338922987619 5.86057904935118 1.47118634515983 0.265831274467355 7.91557893762844 8.2854403997521 2.8075603650044
5.46175316385697 2.47898198671438 4.82670004161568 9.77289794287082 2.91764313959189 4.16492313900362 5.29853844962723 0.0317884179092509
3.38644604128583 6.19563893867702 5.61311817835136 1.83136194013655 0.379515301461919 8.03098981759025 8.37107055343867 3.16780610247996
8.4722287703563 2.49335921611822 1.26295738455938 6.04744216860837 4.8981166337027 6.83764103733465 7.44227261843221 7.27912446136923
7.73985063163864 6.91011225064435 2.23064184420097 1.24587481654398 6.07590010075508 9.69488066199879 2.52565701843101 5.54028572567911
4.71761764345488 7.34617464706938 7.88408680602399 4.73559005786007 1.69119407682348 8.34592922747159 9.01515038678573 6.37024801303458
7.53063331162173 7.61077793300517 2.047547562376 0.440222953758297 6.06824420072363 9.58913119501771 3.27502412351218 5.85966689778127
5.30219411564694 2.57970892199573 4.65478139606691 9.2246887969217 2.39322725730692 3.98822245776232 5.21100963418988 0.726362474660826
2.72222070646101 3.92031875485493 0.532729742798475 2.53193538501909 0.64114152021165 0.544349129824247 6.07670014638364 6.66782627868038
8.51847523286614 2.61740452528265 2.62120554540871 7.62075783795246 5.05795865797237 6.78129163228253 7.58805211578469 6.48137507731706
7.07032763525468 6.97305259647507 1.91201458550027 0.223507908671382 6.08583495641173 9.35229983159998 2.8906239391443 5.58654215546587
8.46849478018125 2.34690368645022 -0.101122277887956 6.0132625275041 5.04372334353781 6.66048400469017 7.52621536685523 6.39840839374263
3.54087700842271 0.578335793954676 6.4165542218449 4.38290183899594 8.98763365925111 2.42084716715472 4.60231640474227 1.04850320560437
3.29206699880009 2.7625002882767 0.311606144488211 1.48089245251656 1.2888811109197 2.03614527401251 4.93431356650748 6.45040487392258
3.18601100659525 3.37400148933292 0.314386619477414 2.26513692132237 0.37491251855106 1.57730708867681 5.31033620587673 6.5747737298192
2.63013575873986 5.82515974226083 6.28252216503359 2.15192205181312 0.467100260071735 7.98523771717635 8.34289557447938 2.52602779942907
5.42637482243465 2.68443815748355 4.68045653737017 9.58851223778643 2.51035456364229 4.84394326082172 4.61907120970584 -0.397205682261487
5.41767687549078 2.51934499790114 5.14955239235017 9.17523716184663 2.81932860462699 4.9104450771902 4.90933112202991 0.3492955793091
3.0719662953484 5.52774775408475 5.80197614813861 1.86607781516631 0.233607147335366 7.96465696628195 8.54035690909015 2.47685824127002
3.97559735803462 7.31501301105737 6.59086940575008 4.41758729260717 1.78292179347019 8.56735604295689 9.77302892026447 6.10097217945035
3.87389976455029 0.439513643002642 6.63190587610264 4.36228241960146 9.70545809314086 2.49855884422547 4.66833804986116 0.903386235259981
5.46689311687699 7.22783616357072 6.97544146490577 5.26785526798278 3.82402680777146 8.28548276997149 11.4640180484617 6.4547135206913
3.09502270185851 5.91222263924249 6.15407701810087 1.34997753156354 0.311199163119047 7.97309623657809 8.2421285846845 2.49277649113104
9.10940725375433 2.30753848825761 1.38711074616828 7.40242421052853 5.05897545972448 7.35790751463955 7.52110095253462 6.68834068253497
5.05691171439211 2.77588194509568 4.73369722069189 9.61359825495007 2.60212468054334 4.52202620430221 6.72152659598587 -0.0981410157159846
7.50380544926233 7.4624975158737 0.853164817746726 2.18694097456422 6.09544489557996 9.38018891787089 3.09596180693611 5.42171823920274
3.31949966470762 5.55609542397562 6.28852659181205 1.55420796118524 0.19690163736311 7.91587751900864 8.42321429153028 2.1236981213912
3.80785986439219 0.384646528190955 6.44138484499566 4.04332114197502 8.01821930329021 2.20699963498249 4.22031725686009 0.688423910682826
3.72361039928743 5.64957341302214 5.66037272508916 2.05819044293456 0.263381581487948 7.99709405369733 8.33302111922104 2.03907580123337
7.58867035531291 6.99286212344268 1.2769753899799 1.04822259360861 6.09901488836713 10.4666035982536 3.52151682096034 5.65438440404413
4.97557878418143 2.36666393032604 4.80634344090718 9.22246688352948 2.59366722954157 5.14493056781277 5.46105350950304 -0.417316770322328
7.35907079026087 6.34982442940096 1.87589880490169 1.01059362676616 6.10179100750294 9.71650915491229 3.70759054390302 5.48213746610461
4.17523338377829 0.557694700834527 6.50270663718221 4.61309480218304 9.8932494108995 2.1455068323684 4.65753438684375 0.003409731584836
3.4510407968269 0.389898065712689 6.3110103782914 4.43421550904521 8.81954111732238 2.08338860029417 5.13882472542031 0.59286716930089
8.61015804867775 2.57573754779021 -0.247074722970099 7.12743784327971 4.94519701048979 6.44295258570017 8.39690516794834 6.68401562460589
4.49973187842564 7.25280093379248 7.62141223529423 3.25393882941872 2.85212952694486 8.45833725594914 8.35225792581491 6.60765333083963
7.6237593442609 7.54107206559497 2.00226206343927 0.495478651156754 6.08531715905113 8.2237075555932 3.77078859799351 5.59746702009494
1.94730694267409 3.01587566312377 1.1144581031146 1.76017852014617 1.04528116345259 1.56245315695173 5.43204837153248 6.71221336474828
4.99054622144956 2.48278940139842 5.10441357873759 9.15144848006451 2.78891681127427 4.98421541760255 6.04790429759982 0.202954561640375
8.39610939644516 2.94546191712398 0.328758740582767 6.77740137014284 5.15190790610894 6.76355770932045 7.14011270463143 5.78988405767102
4.14411150300064 0.451779707363137 6.45699052462428 4.78580034721869 10.022198025744 2.31247686549211 4.27573418998334 0.00590302726996054
8.54027209569369 2.55252942113841 -0.234041894907411 4.8026798123079 4.96811673770321 6.96995135048246 8.30388103396286 7.13288850942891
3.50877032150342 5.52485116709832 6.2274133934159 1.42941275283674 0.23017358515659 7.95091520733921 8.12152863052642 2.1197744320774
5.2487478210985 7.23717676499839 6.96227290522346 4.71929092283877 1.82535468965686 9.11138226161353 8.31024759110762 6.66143583584292
1.95808385624716 2.37131277956786 0.408628257465923 1.29041293174449 1.21202361906406 0.403604434087625 5.36268897867643 6.37071907845949
2.88918227996813 5.19857193392219 5.87041722556844 1.75617100305845 0.151477110319618 7.95799376479077 8.50522516504263 2.22910760476521
3.92828711087676 0.470741017388671 6.40978760060392 4.06001280170729 10.6918932185015 1.51058946836343 4.60849743180616 -0.0840423678663963
4.55625882178296 7.19632764429325 7.20225839760706 3.18864045365966 2.55090340736016 8.51184023540009 10.4002090453311 8.05874930239231
3.05006982861471 6.05011118651559 5.05566712461373 2.26455695641979 0.249442188710881 7.93558784486876 7.91795474368666 1.87929086987545
5.4944222656961 2.63701612893794 5.10697548721259 9.65990788002462 2.42273361870095 5.18664096257823 6.12365723172392 -0.456097308836886
4.74079401196799 7.335723543266 6.97976507324548 5.19689251879718 2.93155718939003 8.56790285324721 11.2174841028418 6.96723131313337
9.03489467927993 2.94806493764557 2.7775810368177 6.83221072918052 4.93403387184456 6.75717325212932 8.33055651283863 7.51339150255875
4.66470385380004 7.17384564600872 7.14356099119938 5.89119050402958 1.99880603267975 8.90743355847199 10.776095974606 5.08882691526367
3.33309022642596 0.526638656130164 6.31352600896511 4.60732337212765 9.91842364301363 1.98559508738116 5.42143854637619 0.485957174673964
7.47658592639601 6.50946974876588 1.3240361909145 0.638321687117098 6.06979700963177 9.9238736112937 3.32115221527577 5.58395650560421
5.29827071008876 2.72732424393872 4.84264674564588 9.28184216032304 2.68858341556427 5.0829765376312 5.43680315651977 0.326815195419213
2.62523120000154 0.56174035210029 6.27311269694605 4.47090715044289 9.98656656776084 2.69217555346262 5.0960953291626 -0.244312180877542
2.88605272089724 6.25278352869311 5.03002084259207 1.12512448024824 0.349542101790676 7.88438187821083 8.49905596187524 2.24147836025833
3.42406938041768 5.45008597393826 6.19222583059301 1.98373241330766 0.375425576488563 7.91999835171935 8.49471168537665 2.3755116416892
2.74046410762137 3.62388896267553 0.933316550926605 0.371837158281816 1.64334301691349 2.14498298384487 6.20969585747874 6.13218635919894
7.43081678787715 6.40459543328612 2.0298741059465 -0.573855947710455 6.08507553648237 10.0846401903132 2.13689348558668 5.64740881473922
4.63324533740753 7.14027310621203 7.5958170114611 4.99185647407573 2.61988684829145 8.03930019476725 9.3846176233252 5.22975281824759
4.17135928287599 0.598197954997662 6.39746842893514 4.33394901128633 8.61042057653072 2.15617532539693 4.7209673714294 0.52415955129574
7.38803783123441 6.99238364446389 0.833865304292587 0.443574595208809 6.07401848824281 9.37620666896695 3.99498519439895 5.71547799616722
5.55473703365867 2.35132078651346 4.92776917724326 9.90551193526409 2.66390085708821 4.14770450384349 7.24453515998294 0.154082347843329
8.28786111687297 2.55852764452766 0.906489546634464 6.01041557654789 5.02406285767874 7.0825363464877 7.40182991654705 6.05989713770976
7.33463148441262 7.09750883116581 1.55808927949665 0.517258730015516 6.07986778158461 10.296060894023 4.20308583376329 5.65672531703858
2.61109880912026 5.98561603585026 5.4881060386018 1.71293499955552 0.094378320144877 7.9947947946626 8.53392197731009 1.99669107867392
7.60179459012401 6.79875747313274 1.04050208101731 1.27772686232494 6.02678112359669 10.1641885912603 3.62133417143914 5.59185547655451
2.75707538135418 3.46949774722524 0.442049278042572 2.9150959501629 0.944298683046761 2.20907815158627 5.76764772234242 6.4906465188237
3.14559199337904 5.45727247544291 5.81712280560667 0.620862674829918 0.188006976868285 7.97257541001491 8.34951848056619 2.64631604515182
7.48440777121756 6.99229225356072 2.66779980096167 1.23604029863287 6.09349927981567 9.55931617999883 2.03252175776648 5.64847221293845
9.01157508254497 2.66004983940129 1.61560393434656 7.51756964302882 4.93111094489686 7.49326376182504 7.88406715077845 6.08409803433895
2.79110777678059 5.56944247774478 5.35221983090214 2.0782620852403 0.261775401077231 7.94012795912983 8.41439515197436 2.86329160058861
7.23404561742271 6.2926362759688 0.859845236413831 2.08695130909624 6.09424977353111 9.40250777833448 2.70795362280484 5.54057888721012
3.49672608709458 3.19591608787531 0.708439800270123 1.33688573999602 1.0695821207549 1.48573511611008 5.92190012022907 6.56540976009418
2.29335514363689 3.79789499505202 0.550697089220795 2.64204953588173 1.43901830898966 1.67188198907803 5.71061585445204 6.7940832702941
3.54533050985296 0.516939940905343 6.426233450581 4.68409527929029 9.55141611517498 2.30584915563401 4.35671489201204 0.0787859782372485
5.14872130352908 7.34763694137672 7.56041247534683 2.43911761415867 2.27757675787651 8.42616164683399 9.74871777490271 4.88216268551664
7.69177591640824 7.45757378867367 0.773844081367794 -0.136925277612378 6.09040011279751 9.62456601465577 3.22341984029291 5.74516685666186
8.74596505626872 2.75296645335674 0.220404977601505 7.02342298218948 5.04568251561004 7.62911024151838 7.86805380497449 6.20758821483593
2.34931200350542 2.76602435561411 0.133198927668578 1.83426835908465 0.523771718263508 1.80468215472317 5.19032972512031 6.36226809790084
3.41333788601502 0.555176511179379 6.37929238581295 4.40215351251502 8.5172609962673 1.63951604320078 5.41128074871513 1.0685741483681
7.29084128673113 6.35671304589486 1.18163731637797 1.55949160608532 6.06221453938217 10.309257562409 3.11804686656062 5.6246705211136
2.40178469644119 3.54191801265311 0.574839398870929 1.09994200452516 1.13177086094428 1.15843877787348 4.32980586384828 6.70936275537871
8.61354455805127 2.10263204011989 2.48049581915275 6.51127669870698 4.9659516326571 7.62019958958276 7.85296340519257 7.06815102893817
3.16413709852315 0.632922134259789 6.33756991828837 4.55098442023577 9.37823628938152 1.95885765516077 5.69851375175237 -0.15474243916442
1.95713553441243 2.7229685155466 -0.656123016953979 2.92182958476237 1.21861957932808 0.55536704896135 5.56733026972354 6.88289205396112
5.28726636056596 2.73192239373796 4.78762403697047 9.51123506551 2.71957187023768 4.74497117102082 5.20394904195841 -0.248696063126037
2.35282850339495 3.46967672228959 0.341876815832147 1.48424691285331 0.873931016827558 0.958335487582452 6.2472599172411 6.25853823497847
8.76028307181882 2.66780626922686 0.214030042894732 7.26842776796671 5.00653408633842 7.38809409396378 6.70762167671356 4.88181954567566
4.15138230146488 7.24732654093851 7.64689321005177 4.11993074447835 2.6755013010189 8.46929794703462 9.72554582593025 7.22622423029807
4.65608236501813 0.440716447502608 6.1774723328096 4.45554590772769 9.38804313227663 2.37286383704953 4.68256651782241 -0.246914268148393
9.1953392165501 2.67480308426577 -1.45336373189034 7.15417631803624 5.03945052579054 6.81683016340101 7.53131735928592 7.53439683068721
4.63431089419463 2.72870255962283 5.13452859924514 9.61719501777117 2.76244684138152 4.9278595778087 5.94346649789973 0.464057407209748
2.175695577166 3.00547756685565 0.0436716610184062 2.3867088579088 0.768429564654483 0.921070367726822 6.65237755736366 6.47639918662683
4.27562699024418 7.21354446998869 7.19843599910151 5.40726667517209 1.57574204179426 8.12567616932491 10.1496683942771 7.80411182077228
9.08523823055589 2.39820302499628 1.37750306449061 7.20366229161843 5.15363564149189 7.17010127762509 7.96792535711976 5.41274347853571
4.74837733259718 7.30029547648468 7.72280715467063 4.96601964520161 3.33048569244727 8.77037027794479 9.53143688011694 5.65161395681671
7.42760903834837 6.27846156867611 2.04483462083771 1.97539832085052 6.06734729983982 9.15545639362524 3.04876321710835 5.76924300850972
1.74380932590288 3.56777780317216 -0.864511416699416 1.31194430223532 1.13291977298909 0.85966113527294 5.46445063776644 6.39919209827349
5.50815022256659 2.7611155185912 4.84000636741668 9.11144638052278 2.31000578398948 4.72731893830763 4.47961532418154 0.00828298830152057
9.08122616244103 2.2689652867442 0.582013898237272 5.18684846166279 4.94530034625517 6.46734503136821 7.52864990413787 6.6568778588652
2.56281174163103 5.17426529962498 -0.158312464996259 0.795880941770422 1.498171534283 1.60548812275509 6.02266376100268 6.24798378467956
5.12697325236541 2.97088604609387 4.81644428912202 9.00521112790157 2.75458795875116 4.01813658333163 5.15849230003406 0.677089426356195
5.01068653072703 2.81928435332244 4.72594824947525 9.71198956080038 2.65212529930322 4.29870669723088 5.12729588372031 -0.137024291895152
3.20112844299283 6.41118093237962 5.18966695810983 1.08563562493177 0.155005438275154 7.91642061064667 7.75014889518674 2.9369668684694
4.48173661583744 7.33742448212098 7.44750661194485 2.63964979502239 3.09585737727212 8.27373117444956 8.1535815469511 5.18474279299059
4.55498317941209 7.1866823343914 7.5068989514132 3.98575982573038 2.66818372930463 8.42392650108384 10.980338924499 8.77469639162902
4.421423040453 7.18855943632273 7.41883924886696 3.67354291212196 2.071163067676 8.43312314430126 9.46698792069375 7.09716556955232
3.84952784478517 0.543142177306592 6.45766911266075 4.64789321193047 10.2556220129623 2.37319064709283 5.05273963647424 0.340667326864854
5.02242664515708 0.576181637276637 6.62925091934263 4.29086244259293 9.36984657506197 2.65173954915621 5.17658843982444 1.17687955258133
3.44118545114726 5.73705963988402 5.57759518870256 2.20603624902518 0.40715813946776 7.90121808310603 7.88556032886102 1.956906062311
0.997422689878172 3.56157747624158 -0.0940137825354481 3.28448276595351 1.12667394244964 2.78006898863449 5.21343283764468 6.58901127810502
3.83320249477474 0.602027347028239 6.23605574526858 4.28564303868359 9.7863171823042 2.68941158982625 4.58992720017307 -0.062291548482986
5.1685831030909 2.87884333421403 4.75280423951168 8.50119304954677 2.5523436199419 5.56563658634328 5.101382249282 0.214296752960882
7.33529832452941 7.30394072615027 1.39038555389192 1.20393680194883 6.06705925601979 9.63460393985067 1.61695022831111 5.53079239159914
4.48880378976317 7.2379126577848 6.74364304484666 5.79802298785598 1.41025628399945 8.16701328521506 9.87927463189085 6.56879080834605
7.69689369086624 6.86873507836822 1.21749687801358 1.81567143011501 6.09180502743439 9.45398529805611 4.54840304202683 5.54147641734314
2.66982122578544 0.876159875563109 6.22710366429935 4.1157997634961 8.76568685221445 2.77074106384282 5.15552328837391 -0.0661030844472815
8.30242990294625 3.13068373642676 -0.243468220151887 6.09263702487343 5.06424792346671 6.50347816275525 7.55864117914029 6.6319060213734
8.73414607583524 2.79172756521345 0.734684196971394 6.42616518418038 4.91998035487273 6.59047037787388 7.54994571197024 6.80057147831737
3.81644745082755 6.01450396307215 5.2714577808502 1.7961575806558 0.23009322302899 7.93108370320708 7.98335930255843 2.54103302174446
2.83827491361071 6.24824800063708 6.11600844428324 1.78893183253224 0.188408139443772 7.96124307575164 8.14946845176096 2.46172682313443
3.38230455054795 0.495709647755583 6.22572703577994 4.53124994134816 9.07822747382385 2.59716750872777 4.724495611868 -0.172813530007768
