-4.14226676762802 3.22474818141856
8.08938056845616 -0.636259556833415
8.0213784497244 -0.522592973152552
4.96994044686787 2.02533774575899
4.98346943590007 2.35331251140562
-3.70155147166252 4.82918377118394
-3.13548886946467 4.47905327413638
7.76920476669595 -1.35755523888807
-5.01731567498828 4.08582198331696
-0.317313783366019 0.499447348975295
4.69815048719751 1.80856165291542
-4.73166783911605 3.72824067123368
-3.66553924968628 4.0164863182188
4.72502299753213 1.83951390428187
-4.0369991351758 3.08424598355328
-1.20891282582299 -4.88868731325572
4.84851100272354 2.15095118940959
-4.32272807080351 -5.37921170505416
-0.300371890316286 -4.19342405504614
-2.6920983337273 4.64103498991072
5.49673373821292 2.27582857102453
-4.11854098169544 2.65559640435913
-3.5374195576088 -4.63838185863891
-3.02035097481051 5.09215892838659
-0.85187498684981 0.0924401742483904
5.19335604395058 2.69585205027723
-0.898483867263894 -3.91324736572152
7.4435725910682 0.528095682714145
5.85193379489866 1.90568508927477
-1.75212826505481 -0.394659677275049
4.7748500564968 2.90325489111695
-4.68258392817911 -5.10718484570626
-4.42541419930789 -4.73341652533968
-0.857082274310845 -4.40289836118157
-3.29140463257748 4.67622059417863
-0.0560634849536775 -4.58676621022443
-4.88133113998245 2.21567504408048
-5.05058173943393 -5.75598022644958
7.39959774261991 -1.14361691761945
-0.886962768718586 -4.68186526213797
-4.44419176291321 3.36561575952779
-3.7247558535548 -6.37728869052346
-1.31685973294317 0.836842028735738
7.75865291015127 0.270276414590214
5.65511824834198 2.44058555257894
-1.29285114206829 -0.0258453933834313
-4.06053184190415 -5.76778599511016
-3.21112406643533 4.43581108206287
-0.437240646452978 -4.05220117960908
-4.22597917959255 -5.07672505166905
5.37242690351782 2.78120200314933
7.39964744687101 -0.105722268628402
-3.624025526126 3.96430748902143
-3.59103376232374 4.71258048155287
-4.01794819404128 -5.12956045333392
-3.90085115579594 2.9086698167698
-3.21286942449681 4.9396738810448
5.14380773624831 2.29387433490766
-0.663574415012378 -4.76399611407301
-3.20048056712521 4.84601749348633
8.51227503726735 -1.36868180901246
-0.488752024740901 -4.6265758426502
-4.77179032536935 2.68251321411056
-4.57545683223491 2.75522426051392
-3.1658216918109 4.63580092803664
0.202583843874728 -3.78642975115335
0.36470586835422 -0.149821832660131
-3.6004598025728 -5.27236122896125
7.88559951593438 -1.153250617004
-0.212899279369722 0.386972228374485
-4.20397885682068 3.09973046235053
-3.18601570688911 4.61651369524155
-0.263045120412974 -3.11683728232567
-3.07139279490154 4.92041494329845
-3.25594962059709 4.26402685721449
-3.80123873556877 -5.38206046806786
-3.91083282688259 -5.53666143761415
-3.42897855404462 4.87603195987844
-0.579940245585836 -4.56809775142244
-0.384154072619401 0.583144017403058
-4.42832802520745 -5.9432825865952
-0.720226175037519 -4.38419679946878
7.53945638526501 -1.23779739060636
-0.902527590655809 -4.77222899045301
-0.0293342898811931 -3.63547931732079
-3.99325511443382 -5.46713902098812
-0.212742696022132 1.16490919213577
-3.21677903474735 4.63732329474948
-4.37971934243416 -5.44938316053595
-0.399570365302273 -4.10249102149634
-4.21301340764307 -5.5955421952671
0.15667867935436 -4.10359105423687
8.38921148217546 -0.310278168329396
-1.08572513382016 0.51191824471008
5.01888706724755 1.98523500168486
5.02356887317542 1.84492490480526
-0.839590982235302 1.20273922370303
7.41877510985747 -0.84670441507293
-2.79446755568817 5.0119949198526
-0.618744654345281 0.534700152007184
7.83666763714811 -0.868746200809605
8.63580855782371 -1.77486483562982
-0.0777266628515063 0.87417623252933
-3.07145378505291 4.65188812602238
-3.03724688287631 4.1797120975821
-5.01853619019034 2.7854685736671
8.32360560486512 -0.745593820774832
-2.87336330588561 4.57329948807305
-5.33431667700147 -5.15095513711225
-0.581520321136362 -4.2949668674556
0.253564874187294 0.240142591505812
4.50230500576504 2.01862555325319
-0.52240190625728 0.441527755250653
0.396858620453867 -4.04264539035917
-0.977983836143382 1.09936350758417
7.90179214779206 -0.272762817036612
-4.14937034108533 2.86029348552308
-2.952568927021 4.91925316791073
-5.31176848074992 3.51678356603358
-3.58385660721934 3.99583560349622
-4.19311764816171 2.46723771263329
-3.11403692045893 4.80571803725194
7.52592571789475 -1.41388613852956
-4.93885977489857 2.72478113961601
7.8475021734193 -2.12295354104019
5.38571585324723 2.50128844489843
-4.07685448307253 2.53003111390572
-3.50157774672538 3.04915781548292
-1.18283273173667 -0.589214178333764
7.72982817490814 -0.973068123526491
8.18929942336012 -0.520857597470813
0.198978129284364 0.386938614340355
-5.40723068534261 -4.98739552394045
-4.55512260376425 3.03515684349097
-5.22168768524722 -5.3954517297559
-1.36844444755424 -4.29597928297928
5.79294347734532 1.82423857461184
-4.73028691375364 -5.24060831320834
-3.59466019046931 5.43356924475516
-3.79932879958564 -4.88880601688833
4.96361123046772 2.51837055253008
-4.49471468192719 3.81111674709943
7.38832632651416 -1.18041135004678
-3.64586141394678 -5.29627543450523
0.468365239119671 -3.99572592875734
8.11532004464312 -0.572279638582208
-4.21579861094487 2.75843000468889
0.411547732720061 1.1655612018407
-2.58321576998023 4.68649959641258
5.59763177826382 2.32552893417516
7.58282616570099 -0.839064003377651
8.24808702513418 -1.60617295310965
-0.617601969178645 1.02453901850461
-5.00300217301778 -5.38559277744379
-3.96511326618445 -5.37023930103578
-4.52903460339971 2.95487085338522
-0.147136631547498 -4.81237150941473
-0.952284452532939 0.622011091822043
4.65544764869892 2.08363583696399
5.31147596115349 2.41952908572608
-0.63878399040119 -3.47060358740902
-5.27315851757897 2.17747716658304
4.15435596507282 1.83461960121215
-4.4165161649052 3.11922700233026
5.60033797875319 2.78704143169831
7.54397626494762 -0.213587578003554
0.237952881212239 0.402587660176192
-0.356426879845171 -4.30859673267568
-0.214107477777829 -3.67445347929744
-4.1341410250947 -5.81069135253942
-0.492771013234323 -4.65290140618359
7.5237986834754 0.0700251831422408
5.03717878505839 1.63665838812344
5.63297379299744 2.24801769510683
-3.19189752824614 2.96151610510121
0.743097180130254 -3.1406654517746
-3.24286733000564 4.43982151512832
-3.8341922827539 -5.68025998150677
-1.32124478195086 -4.9446705987412
-1.88281182344364 0.381827250980659
-4.02632543482093 2.5998356314619
-2.98233551573568 4.98360493054855
-3.99796278792476 4.4383076846428
0.391803156461617 -0.268059250124636
4.87984572137665 2.15247030465726
5.3475585502751 1.52190612175532
-2.77460487851714 5.00196464181354
4.62772434915095 2.10099977304069
-4.49939651080054 2.79663918207635
-3.39186326822351 4.85951719188856
-4.92448768314151 3.15855365728125
-4.39078612715446 3.30506838442038
0.357051862782524 0.441692688325655
-3.54671516553361 -5.45369019122905
0.249330859745836 -0.0499247928843566
4.88251624483799 2.30002775733756
0.849800845884451 -3.42287359255267
8.01392502216027 -0.695842318895424
7.56215481684714 -0.559232252952996
-0.431452042252445 -0.114663755947657
-0.83724942507367 0.25824089300434
-0.832391602969696 1.05380444376594
7.59115598661173 0.0971477106609424
-0.373114601815802 0.403865730348479
7.96789027902623 0.250524726583426
4.85809554593453 3.08848373819467
-4.26487617350706 -5.69548360758598
-3.72005180098897 -5.40775772724701
-3.30986258862079 5.34236821706969
-4.62945468880585 -5.92639915944766
-0.743466271760359 0.347305722676867
-2.9654320392585 4.65383339811213
-4.10865219249179 -5.66490159913567
7.74617563544021 -0.648034987239579
-1.13100748836415 0.642175014564378
-0.398213429126841 -0.0434417152028937
-5.50071123162041 2.6385926172093
-1.31108986579954 -0.181656103431773
5.39082797567829 2.29101709159453
-4.46766259053044 -4.96025149610385
-0.0319072449407819 -0.142109414690876
-4.07609608876742 -4.80052814451174
-5.55448000858917 3.86224328180692
7.49196432412321 -0.540577776317664
8.06455587743323 -0.411119559291339
-3.61025824370681 4.94187131199464
-4.30986005093958 -5.3992032444296
5.17715444563828 1.4470735378479
-0.837686186506316 -4.47649028049899
-0.748591725390495 0.227758622554722
5.01474477157276 2.13497984580309
-2.67186004539856 4.67733079406857
-4.04131439631625 -5.27775861266254
7.66541696267367 -0.597720906359032
5.42616130858684 2.28203521579064
-2.94680302238199 4.88986870400861
-1.29636834234006 -0.160361431891608
-0.99183283767154 -4.61111125326446
-4.42540791491 3.28299593212496
7.61909692023359 -1.53478038222814
-3.85920875565851 3.39357114043397
-3.534276087947 4.32999826425376
-0.173520255580442 -4.08236538960615
-3.75277847058626 4.28680417592532
-3.06919172353853 4.8378518869313
-0.326602100023108 -4.10386420213615
-3.18538768526734 5.36036343443617
-1.04261155710042 -5.47961937321146
-1.85976831071919 1.22532092104572
-4.52094505988081 -4.69634887867021
-3.11460454849983 4.42422642163394
-3.44129311239604 4.57364901203864
0.0521432495620685 -0.217239549860766
8.23329099337855 -1.14978497715422
6.10902171087813 2.25469324869449
-4.03479877858432 2.77306356025437
-1.37747316580678 -3.86578094684691
-0.717649720377934 0.397480393210247
-0.657171431856709 -4.60880655297529
-0.461152815699678 -4.25713847564511
-0.136956578367706 0.925350957056856
-3.76839006126302 3.15127274092087
-0.110700578491791 0.0460928026279954
5.35174624259836 2.36550676710113
-0.37625785222752 -4.94422513090886
-4.91149965524954 2.96475601799271
7.75649221791731 -1.79353726843977
-3.61012709730004 3.28445017125461
5.19773174696027 1.55410109876576
4.79641853611912 1.73452451539869
8.42264969224892 -1.62420398059453
-0.895394897639113 -0.173082265276831
-4.06666444279147 -5.11378204440785
5.38184459586321 2.72770928708874
-4.00963469976697 -4.85670603686464
-3.402536102681 4.56159263158043
5.34978081337602 2.05341684280969
5.00520277369144 2.14067368239424
-0.349501995402456 -0.446314977716172
7.80266287701432 -1.39180103595107
-4.11295437393714 2.75265182347309
5.71176650728046 2.19090770165824
-1.04657273204954 -4.67215499105526
5.32971031507262 1.59740063911436
-3.16748228738956 4.33010384738342
0.0111106403686378 -4.21669377802551
7.90171301419203 -1.70838662024278
-3.45206354289237 4.22627472118448
4.21357413158446 2.13596406527458
-3.86268784719283 2.30251299186801
-1.68373373366163 0.637793924336094
-0.012141089235549 -3.81847326075967
-4.6531563693674 2.89172134234137
-5.03862533124651 3.46455072695897
4.92476507054874 2.41897871675394
8.34513024650578 -1.09396372776327
-3.60164696100692 -5.31122694705608
-1.1878667863703 0.0990250708237834
7.79268845306987 -0.688475749514536
-4.60712565863302 2.36747415687571
5.74917502643902 1.5426180213871
-4.06027289053889 -5.03777128671362
-2.69923476238924 4.73361643543849
-3.00443566890766 4.43654668447867
4.42410692522027 2.01833131852186
0.706363633974021 -3.97226119667964
7.70011934292108 -0.895752707120606
-3.84374911379487 -5.12156910437876
5.2874224767985 2.59464997862654
-3.1111522533498 5.15559634381879
-2.99487829411317 4.39104742170776
-0.188902448627152 -4.56572274353826
-3.24746512413417 4.0341026164147
-4.45490859923461 2.79943058859392
4.82891267213346 1.86753491816071
-4.3620690901932 -5.73525629094938
8.01074056985232 -0.802683778178865
-3.16225519423607 5.13434903782546
0.0502943881718579 0.15003210727004
-0.393986541914379 -3.25419224676852
-0.841889242410331 -4.10752726094661
0.0364848920675163 0.111438754926911
-0.900139789758467 -4.66667624188962
-0.877963336180283 -4.87789258024898
-0.723430236717111 -3.65875407042007
-4.56351238737439 -5.45465306620557
7.26015436758282 -0.123512372916889
-4.65389464734561 -5.87489235679018
-4.29717571282023 -5.47822519115339
8.20825845119512 -0.646093801219165
8.14868522063696 -1.18569137114366
-4.57793547986679 2.87099538045106
-4.76513236599201 3.45654921467125
-4.32224145799121 -5.6300054384502
-0.29613795617716 0.469055298848472
-0.512260683675226 -4.23848118344313
-3.94362900585715 -5.52592308731084
-3.04876810527205 5.45684036037759
-0.384275217692108 0.774620099049755
4.93218002736716 2.05662984883596
-3.9272549301131 3.96516032717924
8.30761105432005 -1.44523634266321
7.43556671418477 -0.0355003738853491
-3.75264053488962 4.14466535115461
7.44524301947214 -0.437569359118985
-4.74471560154862 3.83512756604219
-4.18623053874826 -5.52900189135254
-2.21602960363238 4.94962031968407
-3.02199710844124 4.34873939656491
-4.89550578714001 2.56264862496902
-3.79542777163984 -5.38626577746429
-2.75325904705109 4.80151041180403
-3.13596600969723 3.73539394230835
0.150875396101197 -3.89263405655158
5.2826960158679 2.0539160057032
-1.16569136967549 1.03320187903411
-0.528629797651689 -4.10504689306634
-3.05617474255213 4.82014410006497
-0.225141110516666 -4.36070986991499
-1.87366696143065 0.143875952572056
-4.78814519981219 -5.13545868844372
4.3942092069972 2.49833238436134
-4.57075349803878 -5.53190752821912
7.2066683215661 0.353682701971125
5.0368888487617 2.65810390970699
-1.43948254258761 1.29756093160477
-5.06745178761368 3.18498065757833
-3.72355838470458 -5.99223522978024
-5.66740966746667 3.83162022143222
-0.330347361904429 0.980399054458872
-3.12483575469136 3.99144751134114
5.47589444415648 1.40919559604035
-0.386182015591896 -4.09818893420088
8.6998689795361 -1.40371979054315
4.88246494766932 2.38974788590829
-3.42977496699719 4.69367822262778
5.69457746131651 1.79208670975668
-3.64387002635225 4.27265819852583
-0.854567401832581 -4.23449442334812
-3.98083592632265 -5.39292219973895
-4.22305904543077 3.80491329640878
-4.86795910797709 -5.17750249554652
5.01594754485919 1.82114384749444
-0.452289946029892 0.419926310905213
0.298195891829811 -3.22853146735947
-4.31259367945071 -5.18039825506749
-0.425959688242864 -4.74870610305933
7.36540097803882 -0.80485783836544
-0.57867945171146 -0.992972106864784
-0.768445483292037 -0.179707643579984
-2.83699079578793 5.06987504524841
5.36590748365954 1.78255543159432
5.01042698396901 1.70360379935608
-2.98066056468795 4.77402646926188
-4.50404431693991 3.72691524423617
7.68616836524087 -1.19457829664518
-3.8336000347809 2.72440110867206
-3.26110541384734 4.79773374127951
-0.198515718293285 -4.31945704499834
5.05505754168422 2.63900659795944
-3.90784165817115 -5.60785444142357
-2.87982459699686 4.9709485751994
7.31515812080463 -0.4594647210243
-2.79715013623165 4.45880274504518
-4.78424468899924 -5.57244765059357
5.17833658895804 2.22641747621455
-3.99088131465945 -5.06220167568169
8.34777011777863 -1.19452854532573
7.69928690577735 -0.400303304239416
-0.340659162453547 -4.47351969503746
-4.43380160160934 2.70627442481127
-4.12906518830533 -4.8953573032023
-0.447777560439208 0.366204352701437
4.87904286474967 2.32842222299395
-0.0135566384908886 -4.40163603643555
8.49086404745292 -1.42386455710958
-1.67429374175849 -4.82714976653765
-2.88918025541268 4.7116147423292
-4.67064768523305 2.60294385356502
0.372861691456641 -0.0411559804626104
-2.74404193022109 4.94680555163362
8.80452199090389 -1.55444984871953
-5.65036546310576 2.94281910829161
-2.75529401693373 4.42621937837352
5.04242325530688 2.54576506174468
-4.4908817883765 3.29619588993
-0.838367546747267 -3.35588621946545
-3.62767082320498 4.28610345577326
8.13319734919715 -0.770404265272441
-4.38231473572344 -5.57700301024972
4.71988891279009 1.8838825726413
8.20363714367149 -0.482270106086815
-3.50068156755151 4.48347726840463
-2.75386371825983 4.7527324869828
-1.302739178276 -0.057462341488922
-4.61879903262171 -5.75862615301245
-3.11339683126485 3.66046644641268
7.50937681222529 -0.692735783930805
-4.65617556433549 -5.50026854503469
5.34663996892246 2.59796836473322
-0.417785005709105 -4.0952544477802
-5.02947445370912 -5.07109410471136
-3.09304318046867 5.0684872021958
-4.49860062919494 -5.58937185466363
-0.654648035554411 -0.0284739477860582
-3.50657775953195 4.55385831887733
-3.84710386735161 -5.24564070088696
-0.169477901936904 -3.75143768519758
-3.08941429846955 4.52647860970693
-3.36534262660194 -5.79903284394859
-0.845268073034329 -0.356410459071045
-0.57817847163968 -0.0691131960818318
8.26071189719824 -0.901487801920761
-4.45777921246161 3.61530985956111
-5.13494491506684 -5.97352292978599
-0.636849782997076 -4.49025339219666
-0.536337584526815 -0.0772941388919309
7.45653664131663 -0.164923690889587
-4.12109358320068 -5.62463450755738
-0.651211629457975 -0.516893677389876
-0.669346383618419 -3.57609897943937
8.16346781403952 -0.102257390789238
0.367594291280366 -0.509547439627485
5.28576340187007 1.96493168196192
-0.593559732811859 0.372303436680146
0.424828507807343 -4.50001848439266
-4.65096380515229 3.35981895762077
8.0979550180856 -1.27668005485645
-0.974541625651952 -5.97784286722462
4.8887026441356 2.48128679524215
-0.228856905742744 0.458305225695405
-4.74897992904248 3.77937729259295
0.331311519888175 -3.84146293682323
-3.52697707958353 3.18271957689071
-3.33202734983174 -5.19187192382615
-0.603462980472357 -0.424296530968712
4.97396218174488 1.75611150993956
-0.744393160293329 -4.75030658508701
-1.81185590548776 -0.301603328370574
4.91690843364285 1.81167783551487
5.48790593529951 2.1001611159812
-3.88234165790376 4.07950645496021
-3.85620844411395 2.79300855936206
-5.65218479327164 3.11428119791453
-4.93011516902063 3.34957545042416
8.17700746430467 -1.2334365215529
7.09547468083009 -1.43698413563228
-2.55866806156251 4.35984712508564
-0.637360069344456 0.169881239704051
7.94098136040738 -1.18795887309893
4.1749121834437 1.80046545587569
-4.07017654214487 -5.91138780153682
-4.12452812260879 3.80936597825443
-4.08023342722636 -5.12359476086101
7.3590896172334 0.108528550034652
-0.80818278407714 -4.69878240783014
-0.600744887336401 -4.38464604221579
-3.28786314643304 3.99789343384354
-3.23893142337217 5.01154803361248
7.95775751540973 -0.511650209853003
